$ 1 0.000005 10.20027730826997 57 5 50 5e-11
v -192 272 -192 128 0 2 10 1.65 1.65 0 0.5
g -192 272 -192 320 0 0
w 336 208 336 256 0
a 336 192 464 192 9 5 0 1000000 0.13185208721045558 0.13182840573132767 100000
w 464 192 464 256 0
w -192 128 -176 128 0
w 256 160 288 176 0
w 336 256 464 256 0
O 640 192 688 192 0 0
w 464 192 528 192 0
r 528 192 640 192 0 1000
g 288 320 288 368 0 0
a -16 144 64 144 9 5 0 1000000 0.9 0 100000
d -144 128 -96 128 2 1N5711
r -176 128 -144 128 0 100000
r -48 160 -48 0 0 82000
r -48 160 -48 224 0 18000
w -144 272 -192 272 0
w -112 224 -48 224 0
r -96 128 -112 224 0 100000
w -16 160 -48 160 0
w -16 128 -96 128 0
R -48 0 -48 -80 0 0 40 5 0 0 0.5
r 64 144 112 144 0 560
d 112 96 160 96 2 1N5711
d 160 192 112 192 2 1N5711
w 112 96 112 144 0
w 112 192 112 144 0
174 160 96 224 48 1 1000000 0.005 Resistance
174 160 192 224 192 1 1000000 0.005 Resistance
w 192 48 224 48 0
w 224 48 224 96 0
w 192 176 224 176 0
w 224 176 224 192 0
w 224 48 256 48 0
w 256 48 256 160 0
w 224 192 256 192 0
w 256 160 256 192 0
c 288 176 288 320 0 0.000001 0.13182840573132767 0.001
w 288 176 336 176 0
g -112 224 -96 304 0 0
o 0 64 0 4098 5 0.00009765625 0 2 0 3
o 8 64 0 4098 5 0.00009765625 1 1
o 13 64 0 x81012 5 0.1 2 2 1.25 0 13 3 0.025 0
38 38 F1 0 5.0000000000000004e-8 0.000009999999999999999 -1 Capacitance
