$ 1 0.000005 14.841315910257661 58 10 50 5e-11
t 304 224 368 224 0 1 0.31237134516139076 0.330515092231297 100 spice-default
r 256 224 256 288 0 260.74
g 256 288 256 320 0 0
w 256 224 256 160 1
r 256 64 256 160 0 3600
r 112 224 256 224 0 10000
R 112 224 48 224 0 1 40 3 3 0 0.5
g 368 240 368 304 0 0
w 368 208 416 192 0
v 96 96 256 64 0 0 40 5 0 0 0.5
g 96 96 96 144 0 0
w 304 224 256 224 1
o 8 128 0 12289 0.0001 0.0001 0 2 8 3
o 11 128 0 12546 0.4720809526733739 0.0001 1 2 11 3
o 5 128 0 x81012 5 0.1 2 2 1.25 0 5 3 0.025 0
38 1 F1 0 1 1000 -1 Resistance
