$ 13 0.0000049999999999999996 34.14951009862697 63 5 99 5e-11
174 288 432 352 432 0 10000 0.005 Resistance
w 304 384 320 416 0
a 400 448 528 448 8 12 -12 1000000 5.034836014675455e-7 0 100000
w 352 432 400 432 0
w 400 432 400 384 0
r 400 384 528 384 0 100000
w 400 384 400 336 0
c 400 336 528 336 0 4.7e-11 0.050348863630356025 0.001
r 528 448 640 448 0 100000
a 672 464 800 464 8 12 -12 1000000 0.00009795469464108695 0 100000
w 672 448 640 448 0
w 640 448 640 560 0
w 672 448 672 400 0
c 672 400 800 400 0 4.7e-11 9.795567418803337 0.001
w 800 400 800 464 0
w 672 400 672 352 0
r 672 352 880 352 0 100000
r 800 464 880 464 0 220
w 880 352 880 464 0
g 672 480 672 528 0 0
O 880 464 880 528 1 0
w 288 560 288 432 0
w 640 560 480 560 0
w 400 560 288 560 0
g 64 480 64 528 0 0
w 528 384 528 448 0
w 528 336 528 384 0
r 272 384 304 384 0 100000
a 128 384 272 384 8 12 -12 1000000 9.879401252427211 9.879500046439736 100000
w 272 384 272 304 0
w 272 304 128 304 0
w 128 304 128 368 0
r 128 400 64 400 0 1000
r 64 400 64 480 0 100000
R 64 400 -16 400 0 3 5 5 5 0 0.5
g 400 464 400 496 0 0
w 480 560 400 560 0
w 496 880 416 880 0
g 416 784 416 816 0 0
R 80 720 0 720 0 3 5 5 5 0 0.5
r 80 720 80 800 0 1000000
w 144 624 144 688 0
w 288 624 144 624 0
w 288 704 288 624 0
a 144 704 288 704 8 12 -12 1000000 9.879401252427213 9.879500046439738 100000
r 288 704 320 704 0 100000
w 544 656 544 704 0
w 544 704 544 768 0
g 80 800 80 848 0 0
w 416 880 304 880 0
w 656 880 496 880 0
w 304 880 304 752 0
O 896 784 896 848 1 0
g 688 800 688 848 0 0
w 896 672 896 784 0
r 816 784 896 784 0 220
r 688 672 896 672 0 100000
w 688 720 688 672 0
w 816 720 816 784 0
c 688 720 816 720 0 4.7e-11 -9.793960559081176 0.001
w 688 768 688 720 0
w 656 768 656 880 0
w 688 768 656 768 0
a 688 784 816 784 8 12 -12 1000000 -0.00009793862620454972 0 100000
r 544 768 656 768 0 100000
c 416 656 544 656 0 4.7e-11 9.823525117725762 0.001
w 416 704 416 656 0
r 416 704 544 704 0 100000
w 416 752 416 704 0
w 368 752 416 752 0
a 416 768 544 768 8 12 -12 1000000 0.00009823426883456927 0 100000
w 320 704 336 736 0
174 304 752 368 752 0 10000 0.9950000000000001 Resistance
w 144 720 80 720 0
403 1024 704 1456 944 0 52_128_0_x81012_5_0.1_-1_1_3_0
w 880 464 992 464 0
403 1024 384 1456 624 0 75_128_0_x81012_5_0.1_-1_2_3_0_75_3_0.025_0
x -232 269 251 272 4 24 Ken\sStone\s"Input\sbuffers\sfor\sthe\sMatrix\sMixer"
