$ 1 0.000005 285.9303473255704 50 5 50 5e-11
w 752 608 848 608 0
w 896 656 896 688 0
w 1088 656 1088 704 0
r 896 656 1088 656 0 1000000
c 912 912 912 864 0 1e-10 11.996784884807731 0.001
d 1088 864 912 864 2 default
w 832 688 896 688 2
w 1088 704 1088 864 0
w 656 864 912 864 2
r 656 864 656 928 0 20000
r 656 800 656 864 0 100000
R 656 928 656 976 0 0 40 -12 0 0 0.5
w 752 688 752 752 0
w 672 752 752 752 0
w 576 752 576 688 0
w 576 752 640 752 0
j 656 800 656 752 32 -4 0.00125
g 912 912 912 960 0 0
r 752 688 832 688 0 10000
w 1024 704 1088 704 0
w 896 720 896 768 0
r 976 768 896 768 0 2000
r 896 768 816 768 0 10000
R 816 768 752 768 0 0 40 12 0 0 0.5
g 976 768 976 800 0 0
a 896 704 1024 704 9 12 -12 1000000 2 0.8787890531950792 100000
w 576 752 576 800 0
w 576 624 576 688 0
w 752 608 752 688 2
c 576 688 752 688 0 5e-9 -1.0092154156091053 0.001
g 576 592 576 560 0 0
a 576 608 752 608 9 12 -12 1000000 -0.000010092053235558698 0 100000
t 432 896 496 896 0 1 0.07499465962377663 0.4811666498990806 100 default
t 624 896 576 896 0 1 0.000010092053235558698 0.4061666498990806 100 default
R 288 896 240 896 0 0 40 0.075 0 0 0.5
w 432 896 288 896 0
g 400 1152 400 1184 0 0
w 528 1040 528 1136 0
w 400 1040 400 1120 0
c 400 1040 528 1040 0 1e-9 0.5340429627125939 0.001
w 400 1040 400 848 0
w 496 848 400 848 0
w 496 848 496 880 0
r 496 736 496 848 0 1000000
R 496 736 496 688 0 0 40 12 0 0 0.5
a 400 1136 528 1136 8 12 -12 1000000 0.000005340376223363705 0 100000
w 528 912 576 912 0
w 496 912 528 912 0
w 576 800 576 880 2
g 624 896 624 928 0 0
r 528 912 528 1040 0 10000
c 896 608 1088 608 0 1e-9 12.878901162289761 0.001
w 1088 608 1088 656 0
w 896 608 896 656 0
w 2432 448 2480 448 0
w 2432 512 2480 512 0
c 2480 448 2480 512 0 1.5000000000000002e-8 11.621903594614789 0.001
r 2592 304 2752 304 0 20000
w 2752 240 2752 304 0
r 2432 304 2592 304 0 10000
g 2624 144 2624 112 0 0
R 2480 144 2480 96 0 0 40 12 0 0 0.5
174 2624 144 2560 176 1 10000 0.5495000000000001 Resistance
a 2592 240 2752 240 9 12 -12 1000000 1.15679983933987 1.156842105263158 100000
w 2752 240 2864 240 0
w 2592 256 2592 304 0
w 2592 176 2592 224 0
w 1584 400 1584 448 0
w 1584 480 1584 528 0
w 1088 528 1424 528 0
174 1296 960 1312 1040 1 100000 0.5 Resistance
R 1296 960 1296 912 0 0 40 12 0 0 0.5
R 1296 1056 1296 1104 0 0 40 -12 0 0 0.5
w 1312 1008 1376 1008 0
R 1360 1152 1296 1152 0 3 2 5 0 0 0.5
r 1376 1008 1472 1008 0 100000
r 1376 1200 1472 1200 0 47000
174 1360 1152 1376 1232 1 100000 0.005 Resistance
w 1472 1008 1472 1200 0
r 1584 1056 1744 1056 0 47000
g 1360 1248 1360 1296 0 0
a 1584 992 1744 992 9 12 -12 1000000 0.000019700942464459578 0 100000
w 1472 1008 1584 1008 0
w 1584 1008 1584 1056 0
w 1744 992 1744 1056 0
g 1584 976 1584 944 0 0
w 1744 992 1856 992 2
r 2016 976 2016 1072 0 100000
r 2016 1072 2016 1168 0 47000
g 2016 1168 2016 1216 0 0
w 2016 1072 2096 1072 2
a 2096 1088 2256 1088 9 12 -12 1000000 3.8367653074702126 3.8368036751232872 100000
w 2096 1104 2096 1168 0
w 2096 1168 2256 1168 0
w 2256 1088 2256 1168 0
a 2096 448 2256 448 9 12 -12 1000000 0.0000018752053999205764 0 100000
r 1968 464 2096 464 0 10000
r 2096 528 2256 528 0 10000
w 2096 464 2096 528 0
w 2256 448 2256 528 0
w 1856 464 1968 464 0
g 2096 432 2096 400 0 0
d 2256 448 2432 448 2 1N4148
d 2256 304 2432 304 2 1N4148
w 2432 304 2432 448 0
r 2432 512 2432 448 0 20000
R 2432 512 2432 560 0 0 40 -12 0 0 0.5
w 2256 1088 2352 1088 0
w 1744 464 1856 464 2
w 2256 304 1856 304 1
a 1584 464 1744 464 9 12 -12 1000000 0.8650507563360432 0.8650526315789473 100000
174 1616 368 1552 400 1 10000 0.41090000000000004 Resistance
g 1616 368 1616 336 0 0
r 1424 528 1584 528 0 10000
w 1744 464 1744 528 0
r 1584 528 1744 528 0 47000
w 1088 528 848 528 0
w 848 528 848 608 0
w 1856 304 1856 464 0
a 1856 976 2016 976 9 12 -12 1000000 -1.9700942464459577 0.18752429040285765 100000
d 288 896 288 1232 2 default
r 288 1232 400 1232 0 4700
174 400 1232 512 1232 1 20000 0.005 Resistance
w 464 1216 528 1216 0
w 528 1216 528 1232 0
w 528 1216 528 1136 0
w 1856 720 1968 720 0
w 1856 464 1856 720 0
w 1856 720 1856 832 0
a 1440 752 1600 752 8 12 -12 1000000 0 0 100000
403 2400 1056 2528 1120 0 107_64_0_4099_2.5_0.00009765625_-1_2_107_3
403 2000 688 2128 752 0 126_64_0_4099_5_0.00009765625_-1_2_126_3
403 2896 192 3024 256 0 64_64_0_4099_10_0.00009765625_-1_2_64_3
r 1856 832 1856 960 0 100000
403 1168 1248 1296 1312 0 74_64_0_4099_1.25_0.00009765625_-1_2_74_3
r 2560 144 2480 144 0 47000
r 1552 368 1472 368 0 47000
R 1472 368 1472 320 0 0 40 12 0 0 0.5
403 768 464 896 528 0 0_64_0_4098_1.25_0.0001953125_-1_2_0_3
