$ 1 0.000005 10.20027730826997 71 1 50 5e-11
a 208 192 352 192 8 6 -6 1000000 8.399999988988327 0 100000
w 128 176 128 96 0
w 176 208 208 208 0
r 208 176 128 176 0 100000
r 128 96 352 96 0 100000
R 128 176 96 176 0 3 40 12 0 0 0.5
g 176 208 176 224 0 0
a 400 80 512 80 8 15 -15 1000000 1.1995510991973335 1.1995799974992591 100000
w 512 80 512 16 0
r 512 16 400 16 0 46500.07
w 400 16 400 64 0
g 352 16 352 48 0 0
w 400 96 352 96 0
r 352 192 352 96 0 100000
r 400 16 352 16 0 33000
r 784 0 736 0 0 33000
r 736 176 736 80 0 100000
w 784 80 736 80 0
g 736 0 736 32 0 0
w 784 0 784 48 0
r 896 0 784 0 0 150000
w 896 64 896 0 0
a 784 64 896 64 8 12 -12 1000000 -1.5551431524681067 -1.5552293922247435 100000
g 560 192 560 208 0 0
r 512 80 736 80 0 100000
r 592 160 512 160 0 100000
w 560 192 592 192 0
a 592 176 736 176 8 6 -6 1000000 2.8898301925686343 0 100000
w 512 80 512 160 0
a 976 160 1120 160 8 6 -6 1000000 -8.623975663688555 0 100000
w 944 176 976 176 0
r 976 144 896 144 0 100000
r 896 64 1120 64 0 288000.04
g 944 176 944 192 0 0
a 1168 48 1280 48 8 12 -12 1000000 2.231484685987705 2.231574621582625 100000
w 1280 48 1280 -16 0
r 1280 -16 1168 -16 0 100000
w 1168 -16 1168 32 0
g 1120 -16 1120 16 0 0
w 1168 64 1120 64 0
r 1120 160 1120 64 0 100000
r 1168 -16 1120 -16 0 33000
w 896 64 896 144 0
r 352 192 352 368 0 200000
r 352 368 736 368 0 10000
r 736 176 736 368 0 2000000
r 736 368 1120 368 0 190500
r 1120 160 1120 368 0 200000
r 1120 368 1552 368 0 100000
r 1552 160 1552 368 0 200000
a 352 560 496 560 8 15 -15 1000000 -0.000055842864252430165 0 100000
w 496 560 608 560 0
r 352 496 496 496 0 200000
g 352 576 352 608 0 0
g 1696 368 1696 400 0 0
r 1552 368 1696 368 0 200000
w 1280 48 1280 144 0
a 1392 160 1552 160 8 6 -6 1000000 8.993559492011052 0 100000
r 1392 144 1280 144 0 200000
g 1392 176 1392 208 0 0
w 352 368 352 496 0
w 352 496 352 544 0
w 496 496 496 560 0
o 5 16 0 12546 11.999999993404204 0.0001 0 4 5 3 51 0 51 3
38 20 F1 0 50000 150000 -1 Resistance
38 46 F1 0 10000 200000 -1 Resistance
38 58 F1 0 10000 200000 -1 Resistance
38 9 F1 0 50000 1 -1 Resistance
38 32 F1 0 1 300000 -1 Resistance
