$ 1 0.0000078125 159.55918304990493 1 5 50 5e-11
v -480 208 -400 208 0 2 1280 5 5 0 0.5
r -256 144 -160 144 0 15400
r 192 144 336 144 0 27000
w 336 144 336 192 0
w 192 144 192 176 0
w 96 256 192 256 0
w 192 208 192 256 0
a 192 192 336 192 8 12 -12 1000000 -0.00005926292584484585 0 100000
a 512 208 656 208 8 12 -12 1000000 -0.0000022585885929470243 0 100000
w 512 192 512 160 0
w 656 160 688 208 0
r 512 160 656 160 0 20000
r 336 192 384 192 0 50000
v -512 144 -320 144 0 2 643 5 5 0 0.5
v -512 288 -432 288 0 2 300 5 5 0 0.5
r -288 288 -192 288 0 19000
r -272 208 -160 208 0 100000
g -512 144 -512 176 0 0
g -480 208 -480 240 0 0
g -512 288 -512 320 0 0
w -32 208 -32 144 0
g -544 384 -544 416 0 0
r -320 384 -224 384 0 47000
v -544 384 -464 384 0 2 320 5 5 0 0.5
r 512 192 400 192 0 1000
w 384 192 400 192 0
c -256 144 -320 144 0 6.000000000000001e-8 -4.614259652874328 0.001
c -288 288 -432 288 0 6.000000000000001e-8 -4.145551287342755 0.001
c -320 384 -464 384 0 6.000000000000001e-8 -4.343037545111745 0.001
c -272 208 -400 208 0 6.000000000000001e-8 -5.270335846950977 0.001
c 208 48 336 16 0 1.3e-8 -5.926351847410429 0.001
w 336 64 336 144 0
w 512 96 512 160 0
211 1088 224 1232 432 0 1 16000 1
c 768 112 816 112 0 0.00001 -2.6062789720795386e-12 0.001
g 512 224 512 336 0 0
r 688 208 656 208 0 1000
w 96 96 64 96 0
w 64 144 -32 144 0
w 960 240 688 208 0
r 960 192 944 208 0 1000
w 976 240 960 240 0
w 1088 224 1008 240 0
w 1072 352 1072 256 0
w 1008 352 1072 352 0
w 1008 272 1008 352 0
g 960 288 960 336 0 0
w 1008 240 976 240 0
a 1024 32 1088 32 9 15 -15 1000000 0 0 100000
c 960 288 960 240 0 1.31e-7 2.3240394519506227 0.001
w -32 208 0 288 0
g -208 528 -208 576 0 0
d 640 -80 496 -16 2 default
d 176 -96 320 -112 2 default
g 96 256 96 320 0 0
w 96 144 192 144 0
w -224 384 -192 288 0
w -160 208 -192 288 0
w -160 144 -160 208 0
w -160 144 -32 144 0
w 96 144 80 144 0
w 80 144 64 144 0
w 208 48 192 80 0
w 336 16 336 64 0
w 192 80 192 144 0
d 464 -96 336 -64 2 default
403 736 256 864 320 0 36_4_3_x81112_5_0.1_-1_1_0.025_0
o 12 32 0 x81112 5 0.1 0 2 5 0 12 3 0.025 0
o 42 32 0 x81112 5 0.1 0 2 5 0 42 3 0.025 0
38 11 F1 0 20000 70000 -1 Resistance
38 1 F1 0 10000 100000 -1 Resistance
38 16 F1 0 10000 100000 -1 Resistance
38 15 F1 0 10000 100000 -1 Resistance
