$ 1 0.0000078125 5.459815003314424 1 5 50 5e-11
v -480 208 -400 208 0 2 1280 5 5 0 0.5
g 96 256 96 304 0 0
r -256 144 -160 144 0 47000
r 192 144 336 144 0 120000
w 336 144 336 192 0
w 192 128 192 144 0
w 192 144 192 176 0
w 96 256 192 256 0
w 192 208 192 256 0
a 192 192 336 192 8 12 -12 1000000 0.4917031059243973 0 100000
a 512 208 656 208 8 12 -12 1000000 0.00006619415419446302 0 100000
w 512 192 512 160 0
w 656 160 656 208 0
r 512 160 656 160 0 57500
r 336 192 384 192 0 50000
v -512 144 -400 144 0 2 643 5 0 0 0.5
v -512 288 -432 288 0 2 159 5 5 0 0.5
r -288 288 -192 288 0 47000
r -272 208 -160 208 0 47000
g -512 144 -512 176 0 0
g -480 208 -480 240 0 0
g -512 288 -512 320 0 0
w -192 288 -160 208 0
w -160 208 -160 144 0
g -544 384 -544 416 0 0
r -320 384 -224 384 0 47000
v -544 384 -464 384 0 2 320 5 5 0 0.5
w -192 288 -224 384 0
r 512 192 400 192 0 1000
w 384 192 400 192 0
c -256 144 -400 144 0 0.000002 0.016744756260866467 0.001
c -288 288 -432 288 0 0.000002 -4.988394334331937 0.001
c -320 384 -464 384 0 0.000002 -5.027929047622111 0.001
c -272 208 -400 208 0 0.000002 -4.982596191377039 0.001
c 512 96 656 80 0 1.3e-8 6.619481613600497 0.001
w 656 80 656 160 0
w 512 96 512 160 0
211 1136 240 1232 432 0 1 16000 1
c 768 112 816 112 0 0.00001 -2.6062789720795386e-12 0.001
g 512 224 512 336 0 0
r 688 208 656 208 0 1000
c 16 176 16 128 0 1.3e-8 -0.4917080229554565 0.001
a 64 144 128 144 9 15 -15 1000000 0.4917031059243973 0.4917080229554565 100000
w 64 128 32 128 0
g 16 176 16 224 0 0
w 64 160 64 240 0
w 64 240 128 240 0
w 128 240 128 144 0
w 64 48 0 48 0
w 192 128 128 144 0
w 32 128 16 128 0
r 16 128 -32 112 0 1000
w -32 112 -160 144 0
w 960 240 688 208 0
r 960 192 944 208 0 1000
w 976 240 960 240 0
w 1136 240 1072 256 0
w 1072 352 1072 256 0
w 1008 352 1072 352 0
w 1008 272 1008 352 0
g 960 288 960 336 0 0
w 1008 240 976 240 0
a 1008 256 1072 256 9 15 -15 1000000 -7.6388997156670975 -7.638976104664255 100000
c 960 288 960 240 0 1.31e-7 7.638976104664255 0.001
o 4 64 0 x83012 5 0.1 0 2 3 5 4 3 0.025 0
o 56 4 0 x81112 5 0.1 1 2 3 -13 56 3 0.025 0
38 13 F1 0 20000 70000 -1 Resistance
