$ 1 0.000005 49.687244006919805 33 5 43 5e-11
R 208 320 176 320 0 3 200 5 0 0 0.5
O 848 224 880 224 0 0
r 208 320 320 320 0 330000
r 320 320 320 416 0 100
g 320 416 320 432 0 0
r 352 64 352 176 0 10020
r 512 64 512 176 0 10010
R 432 64 432 32 0 0 40 12 0 0 0.5
w 512 64 432 64 0
w 432 64 352 64 0
t 320 320 352 320 0 1 -10.909005429085763 -8.28943030964222 100 spice-default
t 544 320 512 320 0 1 -10.908099139512638 -8.28852391121777 100 spice-default
w 352 336 432 336 0
w 512 336 432 336 0
w 432 368 432 336 0
t 336 544 384 544 0 -1 3.71157083836718 12.596514541370464 100 default
w 384 560 432 560 0
w 432 560 432 432 3
w 384 528 384 464 0
a 240 544 336 544 8 12 -12 1000000 -0.9473883922459362 0 100000
r 240 464 336 464 0 220000
r 64 528 -48 528 0 100000
c 336 544 336 464 0 1e-8 12.596514541370464 0.001
w 240 464 240 528 0
w 336 464 384 464 0
g 240 560 240 592 0 0
174 -192 496 -160 544 1 100000 0.005 CV Level
g -192 560 -192 576 0 0
R -192 496 -240 496 0 1 10 2.5 2.5 0 0.5
w 352 176 352 208 0
w 352 208 352 304 0
w 512 176 512 240 0
w 512 240 512 304 0
w 512 240 640 240 0
w 352 208 640 208 0
a 640 224 736 224 8 12 -12 1000000 10.90809903176042 10.908099140611746 100000
r 640 240 640 336 0 100000
g 640 336 640 352 0 0
r 640 176 736 176 0 100000
w 640 176 640 208 0
w 736 176 736 224 0
r 736 224 848 224 0 1000
w -160 528 -48 528 2
w 64 528 64 720 0
r 64 720 -48 720 0 100000
w -48 720 -160 720 2
174 -192 688 -160 736 1 100000 0.5990000000000001 CV Offset
R -192 752 -192 800 0 0 40 -12 0 0 0.5
R -192 688 -192 656 0 0 40 12 0 0 0.5
g 544 416 544 432 0 0
r 544 320 544 416 0 100
w 240 528 64 528 2
r 432 368 432 432 0 4700
p -48 528 -64 336 3 0 0
o 1 256 0 xc3312 6.276824098671349 0.0001 0 1 1 2 -13
o 53 256 0 12290 4.950372258831219 0.0001 1 1
38 28 F1 0 0 12 -1 CV\sIN
38 6 F1 0 9900 10100 -1 TRIM1
38 5 F1 0 9900 10100 -1 TRIM2
