$ 1 0.000015625 0.9487735836358526 75 5 50 5e-11
a 256 336 352 336 8 5 0 1000000 1.9678061869390169 1.9678124999929416 100000
a 448 352 544 352 8 5 0 1000000 3.131305392489736 3.2530157134173283 100000
w 352 336 384 336 0
w 384 336 448 336 0
w 448 368 448 400 0
w 544 352 544 400 0
r 448 400 544 400 0 116000
r 448 400 448 464 0 100000
g 448 464 448 480 0 0
r 256 352 256 416 0 49900
g 256 416 256 432 0 0
w 256 320 256 272 0
w 256 320 224 320 0
r 224 320 144 320 0 100000
w 144 320 144 336 0
w 144 336 144 352 0
r 144 352 240 352 0 49900
w 240 352 256 352 0
w 224 320 224 448 0
r 224 448 224 496 0 45700
g 224 528 224 544 0 0
f 272 512 224 512 0 1.5 0.02
w 272 512 544 512 0
w 544 512 544 400 0
c 256 272 352 272 0 1e-8 -1.1634992055507192 0.001
w 352 272 352 336 0
w 448 368 448 304 0
r 448 304 448 256 0 100000
R 448 256 496 256 0 0 40 5 0 0 0.5
R 144 336 112 336 0 4 10 2 3 0 0.5
O 384 336 384 224 0 0
211 544 352 608 352 0 1 8000 1
o 29 64 0 x81012 5 0.00009765625 0 2 1 -86 29 3 0.000049999999999999996 0 control
o 31 8 0 x81012 10 0.00009765625 1 1 2 -44
o 30 8 0 x81012 5 0.00009765625 2 1 1 -72
38 19 F1 0 10000 80000 -1 Resistance
38 6 F1 0 50000 200000 -1 Resistance
