$ 3 0.000005 42.05934401203833 50 5 50 5e-11
156 88 272 104 272 1 5
156 152 272 168 272 1 0
w 152 272 144 272 0
w 144 272 144 304 0
w 144 304 152 304 0
w 136 272 136 288 0
w 136 288 152 288 0
156 216 272 232 272 1 5
156 280 272 296 272 1 0
156 344 272 352 272 1 0
156 408 272 424 272 1 0
156 472 272 488 272 1 5
w 200 272 200 288 0
w 200 288 216 288 0
w 264 272 264 288 0
w 264 288 280 288 0
w 328 272 328 288 0
w 328 288 344 288 0
w 392 272 392 288 0
w 392 288 408 288 0
w 456 272 456 288 0
w 456 288 472 288 0
w 216 272 208 272 0
w 208 272 208 304 0
w 208 304 216 304 0
w 280 272 272 272 0
w 272 272 272 304 0
w 272 304 280 304 0
w 344 272 336 272 0
w 336 272 336 304 0
w 336 304 344 304 0
w 408 272 400 272 0
w 400 272 400 304 0
w 400 304 408 304 0
w 472 272 464 272 0
w 464 272 464 304 0
w 464 304 472 304 0
w 144 304 144 336 0
w 208 304 208 336 0
w 144 336 208 336 0
w 208 336 272 336 0
w 272 304 272 336 0
w 272 336 336 336 0
w 336 336 400 336 0
w 400 336 464 336 0
w 464 336 464 304 0
w 400 304 400 336 0
w 336 304 336 336 0
R 88 288 32 288 1 2 1000 2.5 2.5 0 0.5
w 88 272 80 272 0
w 80 272 80 304 0
w 80 304 88 304 0
w 80 304 80 336 0
w 80 336 144 336 0
R 80 336 32 336 0 0 40 5 0 0 0.5
w 136 272 136 224 0
w 200 272 200 200 0
w 264 272 264 176 0
w 328 272 328 152 0
w 392 272 392 128 0
w 456 272 456 104 0
w 520 272 520 80 0
M 136 224 80 224 2 2.5
M 200 200 80 200 2 2.5
M 264 176 80 176 2 2.5
M 328 152 80 152 2 2.5
M 392 128 80 128 2 2.5
M 456 104 80 104 2 2.5
M 520 80 80 80 2 2.5
w 464 336 528 336 0
w 528 336 528 304 0
w 520 272 520 288 0
w 520 288 536 288 0
156 536 272 552 272 1 5
w 528 272 528 304 0
w 528 272 536 272 0
w 584 272 584 56 0
w 528 304 536 304 0
M 584 56 80 56 2 2.5
w 584 56 608 56 0
w 328 152 632 152 0
w 392 128 776 176 0
w 456 104 600 104 0
w 520 80 616 80 0
w 616 80 776 192 0
w 608 56 632 56 0
w 632 56 656 56 0
w 136 224 776 208 0
w 200 200 600 200 0
w 264 176 600 176 0
154 1080 176 1240 176 0 2 5 5
151 1240 192 1448 192 0 2 5 5
I 1448 192 1544 192 0 0.5 5
w 1544 192 1592 192 0
w 1240 208 880 208 0
w 864 472 864 376 0
w 88 288 80 424 0
w 632 152 712 152 0
w 1080 160 864 152 0
w 904 96 904 88 0
w 880 208 864 376 0
w 600 200 712 136 0
403 -184 -672 1912 -120 0 93_32_0_x81012_5_0.1_-1_2_1.25_-17_93_3_0.025_0
w 80 424 864 472 0
w 864 152 808 136 0
w 1280 272 1272 272 0
S 808 136 712 136 0 1 false 0 4
S 840 192 776 192 0 1 false 0 4
w 840 192 1080 192 0
w 712 104 600 176 0
w 712 120 656 56 0
w 600 104 776 160 0
38 106 F1 1 0 4 -1 Switch\sGroup
